cam   0 0 5   -2 -2 1   2 -2 1   -2 2 1   2 2 1

mat   0.05 0.05 0.05   0.5 0 0  1 1 1   64   0.5 0.5 0.5
xfr   0 0 45
xft   1 0 0
sph   0 0 0   0.7
xfz

mat   0.05 0.05 0.05   0 0.5 0  1 1 1   64   0.5 0.5 0.5
xfr   0 0 45
xft   0 1 0
sph   0 0 0   0.7
xfz

mat   0.05 0.05 0.05   0 0 0.5  1 1 1   64   0.5 0.5 0.5
xfr   0 0 45
xft   -1 0 0
sph   0 0 0   0.7
xfz

mat   0.05 0.05 0.05   0.5 0 0.5  1 1 1   64   0.5 0.5 0.5
xfr   0 0 45
xft   0 -1 0
sph   0 0 0   0.7
xfz


lta   1 1 1
ltd   0 0 -1   1 1 1
